date	day_of_week	brand	cnt
1	3	1	20
1	3	5	48
2	4	1	16
2	4	3	20
3	5	1	1411
3	5	2	811
3	5	3	1005
3	5	4	773
3	5	5	1565
4	6	1	1176
4	6	2	824
4	6	3	802
4	6	4	1057
4	6	5	1107
5	7	1	812
5	7	2	549
5	7	3	579
5	7	4	759
5	7	5	647
6	1	1	889
6	1	2	545
6	1	3	599
6	1	4	725
6	1	5	638
7	2	1	893
7	2	2	618
7	2	3	642
7	2	4	1298
7	2	5	695
8	3	1	569
8	3	2	532
8	3	3	674
8	3	4	648
8	3	5	673
9	4	1	623
9	4	2	441
9	4	3	510
9	4	4	554
9	4	5	585
10	5	1	470
10	5	2	418
10	5	3	321
10	5	4	459
10	5	5	741
11	6	1	87
11	6	2	32
11	6	3	27
11	6	5	129
12	1	1	575
12	1	2	393
12	1	3	321
12	1	4	725
12	1	5	721
13	2	1	544
13	2	2	412
13	2	3	187
13	2	4	574
13	2	5	669
14	3	1	305
14	3	2	384
14	3	3	249
14	3	4	507
14	3	5	456
15	4	1	735
15	4	2	1824
15	4	3	1235
15	4	4	598
15	4	5	1680
16	5	1	627
16	5	2	570
16	5	3	428
16	5	4	411
16	5	5	680
17	6	1	65
17	6	2	95
17	6	4	30
17	6	5	26
18	7	5	22
19	1	1	819
19	1	2	646
19	1	3	449
19	1	4	918
19	1	5	1071
20	2	1	610
20	2	2	380
20	2	3	428
20	2	4	664
20	2	5	618
21	3	1	447
21	3	2	473
21	3	3	549
21	3	4	366
21	3	5	865
22	4	1	447
22	4	2	372
22	4	3	431
22	4	4	332
22	4	5	491
23	5	1	192
23	5	2	304
23	5	3	321
23	5	4	556
23	5	5	329
24	6	1	22
24	6	2	48
24	6	3	80
24	6	4	30
24	6	5	51
25	1	1	767
25	1	2	532
25	1	3	385
25	1	4	725
25	1	5	968
26	2	1	697
26	2	2	523
26	2	3	695
26	2	4	483
26	2	5	618
27	3	1	508
27	3	2	577
27	3	3	449
27	3	4	451
27	3	5	601
28	4	1	224
28	4	2	186
28	4	3	372
28	4	4	266
28	4	5	604
29	5	1	523
29	5	2	456
29	5	3	556
29	5	4	676
29	5	5	515
30	6	1	44
30	6	2	63
30	6	4	121
30	6	5	51
31	7	3	23
32	1	1	802
32	1	2	659
32	1	3	620
32	1	4	942
32	1	5	1071
33	2	1	871
33	2	2	602
33	2	3	642
33	2	4	966
33	2	5	978
34	3	1	976
34	3	2	532
34	3	3	399
34	3	4	705
34	3	5	1129
35	4	1	479
35	4	2	430
35	4	3	255
35	4	4	686
35	4	5	717
36	5	1	174
36	5	2	177
36	5	3	128
36	5	4	97
36	5	5	185
37	4	5	19
38	5	2	13
39	6	1	762
39	6	2	364
39	6	3	401
39	6	4	574
39	6	5	746
40	7	1	812
40	7	2	343
40	7	3	394
40	7	4	785
40	7	5	602
41	1	1	488
41	1	2	304
41	1	3	428
41	1	4	725
41	1	5	432
42	2	1	348
42	2	2	238
42	2	3	241
42	2	4	604
42	2	5	309
43	3	1	468
43	3	2	562
43	3	3	449
43	3	4	676
43	3	5	408
44	4	1	351
44	4	2	290
44	4	3	157
44	4	4	664
44	4	5	434
45	5	1	418
45	5	2	279
45	5	3	128
45	5	4	459
45	5	5	268
46	6	2	16
46	6	3	53
46	6	4	91
46	6	5	26
47	1	1	592
47	1	2	304
47	1	3	171
47	1	4	580
47	1	5	227
48	2	1	436
48	2	2	396
48	2	3	267
48	2	4	513
48	2	5	232
49	3	1	590
49	3	2	310
49	3	3	200
49	3	4	507
49	3	5	312
50	4	1	208
50	4	2	232
50	4	3	98
50	4	4	332
50	4	5	321
51	5	1	314
51	5	2	342
51	5	3	321
51	5	4	386
51	5	5	453
52	6	3	27
52	6	4	60
53	1	1	401
53	1	2	266
53	1	3	321
53	1	4	628
53	1	5	227
54	2	1	544
54	2	2	206
54	2	3	294
54	2	4	393
54	2	5	463
55	3	1	468
55	3	2	266
55	3	3	150
55	3	4	395
55	3	5	336
56	4	1	335
56	4	2	244
56	4	3	157
56	4	4	310
56	4	5	415
57	5	1	261
57	5	2	228
57	5	3	299
57	5	4	314
57	5	5	412
58	6	1	44
58	6	2	32
58	6	3	53
58	6	5	51
59	7	1	19
59	7	5	22
60	1	1	732
60	1	2	329
60	1	3	235
60	1	4	266
60	1	5	371
61	2	1	436
61	2	2	253
61	2	3	241
61	2	4	393
61	2	5	489
62	3	1	407
62	3	2	237
62	3	3	200
62	3	4	535
62	3	5	384
63	4	1	303
63	4	2	314
63	4	3	176
63	4	4	310
63	4	5	283
64	5	1	261
64	5	2	342
64	5	3	171
64	5	4	242
64	5	5	329
65	6	3	27
65	6	4	60
65	6	5	26
66	1	1	470
66	1	2	317
66	1	3	257
66	1	4	362
66	1	5	391
67	2	1	457
67	2	2	380
67	2	3	294
67	2	4	423
67	2	5	335
68	3	1	346
68	3	2	399
68	3	3	150
68	3	4	310
68	3	5	240
69	4	1	367
69	4	2	348
69	4	3	157
69	4	4	221
69	4	5	359
70	5	1	418
70	5	2	342
70	5	3	235
70	5	4	193
70	5	5	371
71	6	1	44
71	6	2	16
71	6	3	27
71	6	4	60
71	6	5	51
72	1	1	401
72	1	2	291
72	1	3	235
72	1	4	338
72	1	5	474
73	2	1	479
73	2	2	285
73	2	3	294
73	2	4	453
73	2	5	283
74	3	1	305
74	3	2	444
74	3	3	125
74	3	4	254
74	3	5	336
75	4	1	240
75	4	2	232
75	4	3	176
75	4	4	310
75	4	5	321
76	5	1	227
76	5	2	444
76	5	3	235
76	5	4	242
76	5	5	453
77	6	1	22
77	6	2	32
77	6	4	91
77	6	5	26
78	7	5	22
79	1	1	157
79	1	2	215
79	1	3	107
79	1	4	121
79	1	5	144
80	2	1	501
80	2	2	507
80	2	3	401
80	2	4	423
80	2	5	592
81	3	1	366
81	3	2	429
81	3	3	249
81	3	4	338
81	3	5	577
82	4	1	16
82	4	4	44
83	5	1	17
83	5	2	13
83	5	5	21
84	6	4	30
85	7	1	415
85	7	2	398
85	7	3	232
85	7	4	393
85	7	5	491
86	1	1	453
86	1	2	329
86	1	3	171
86	1	4	483
86	1	5	309
87	2	1	327
87	2	2	348
87	2	3	428
87	2	4	242
87	2	5	798
88	3	1	264
88	3	2	325
88	3	3	225
88	3	4	366
88	3	5	529
89	4	1	112
89	4	2	360
89	4	3	235
89	4	4	266
89	4	5	321
90	5	1	279
90	5	2	355
90	5	3	171
90	5	4	290
90	5	5	432
91	6	2	32
91	6	3	80
91	6	4	60
91	6	5	26
92	1	1	488
92	1	2	469
92	1	3	364
92	1	4	266
92	1	5	577
93	2	1	523
93	2	2	253
93	2	3	241
93	2	4	151
93	2	5	463
94	3	1	346
94	3	2	429
94	3	3	225
94	3	4	282
94	3	5	577
95	4	1	367
95	4	2	337
95	4	3	137
95	4	4	266
95	4	5	340
96	5	1	314
96	5	2	291
96	5	3	235
96	5	4	242
96	5	5	432
97	6	1	22
97	6	2	32
97	6	3	53
97	6	4	30
98	7	2	14
98	7	5	22
99	1	1	540
99	1	2	444
99	1	3	257
99	1	4	266
99	1	5	597
100	2	1	261
100	2	2	364
100	2	3	267
100	2	4	332
100	2	5	360
101	3	1	244
101	3	2	296
101	3	3	324
101	3	4	225
101	3	5	360
102	4	1	319
102	4	2	232
102	4	3	157
102	4	4	111
102	4	5	283
103	5	1	314
103	5	2	317
103	5	3	321
103	5	4	266
103	5	5	556
104	6	1	131
104	6	2	539
104	6	3	160
104	6	4	272
104	6	5	360
105	7	1	245
105	7	2	206
105	7	3	185
105	7	4	209
105	7	5	781
106	1	1	35
106	1	2	38
107	4	1	607
107	4	2	337
107	4	3	431
107	4	4	354
107	4	5	755
108	5	1	488
108	5	2	393
108	5	3	192
108	5	4	362
108	5	5	288
109	6	2	48
109	6	4	30
109	6	5	26
110	1	1	488
110	1	2	431
110	1	3	428
110	1	4	483
110	1	5	597
111	2	1	544
111	2	2	380
111	2	3	481
111	2	4	513
111	2	5	669
112	3	1	468
112	3	2	355
112	3	3	374
112	3	4	254
112	3	5	769
113	4	1	303
113	4	2	163
113	4	3	235
113	4	4	177
113	4	5	264
114	5	1	261
114	5	2	482
114	5	3	321
114	5	4	314
114	5	5	556
115	6	1	22
115	6	2	48
115	6	5	51
116	7	3	23
117	1	1	348
117	1	2	659
117	1	3	449
117	1	4	435
117	1	5	618
118	2	1	414
118	2	2	459
118	2	3	508
118	2	4	362
118	2	5	541
119	3	1	346
119	3	2	547
119	3	3	449
119	3	4	197
119	3	5	529
120	4	1	176
120	4	2	244
120	4	3	176
120	4	4	133
120	4	5	359
121	5	1	505
121	5	2	380
121	5	3	299
121	5	4	290
121	5	5	556
122	6	1	22
122	6	2	16
123	1	1	366
123	1	2	444
123	1	3	257
123	1	4	338
123	1	5	535
124	2	1	370
124	2	2	570
124	2	3	401
124	2	4	332
124	2	5	669
125	3	1	488
125	3	2	2070
125	3	3	898
125	3	4	395
125	3	5	1730
126	4	1	176
126	4	2	953
126	4	3	372
126	4	4	266
126	4	5	566
127	5	1	174
127	5	2	710
127	5	3	192
127	5	4	217
127	5	5	638
128	6	2	32
128	6	3	27
128	6	4	30
128	6	5	51
129	1	1	401
129	1	2	393
129	1	3	278
129	1	4	290
129	1	5	432
130	2	1	436
130	2	2	412
130	2	3	347
130	2	4	242
130	2	5	618
131	3	1	183
131	3	2	414
131	3	3	399
131	3	4	254
131	3	5	408
132	4	1	240
132	4	2	290
132	4	3	255
132	4	4	221
132	4	5	491
133	5	1	314
133	5	2	203
133	5	3	214
133	5	4	121
133	5	5	309
134	6	2	32
134	6	4	30
134	6	5	51
135	7	2	14
136	1	1	418
136	1	2	355
136	1	3	620
136	1	4	507
136	1	5	474
137	2	1	544
137	2	2	348
137	2	3	267
137	2	4	211
137	2	5	515
138	3	1	468
138	3	2	340
138	3	3	349
138	3	4	113
138	3	5	336
139	4	1	303
139	4	2	430
139	4	3	235
139	4	4	288
139	4	5	434
140	5	1	192
140	5	2	279
140	5	3	385
140	5	4	169
140	5	5	329
141	6	1	218
141	6	2	317
141	6	3	241
141	6	4	181
141	6	5	309
142	7	1	170
142	7	2	357
142	7	3	301
142	7	4	79
142	7	5	402
143	1	1	17
143	1	2	51
143	1	5	21
144	4	1	527
144	4	2	430
144	4	3	353
144	4	4	332
144	4	5	623
145	5	1	261
145	5	2	329
145	5	3	385
145	5	4	314
145	5	5	432
146	6	1	65
146	6	2	32
146	6	3	27
146	6	5	26
147	7	4	26
148	1	1	401
148	1	2	393
148	1	3	192
148	1	4	338
148	1	5	288
149	2	1	305
149	2	2	475
149	2	3	241
149	2	4	513
149	2	5	644
150	3	1	244
150	3	2	399
150	3	3	150
150	3	4	169
150	3	5	577
151	4	1	240
151	4	2	244
151	4	3	196
151	4	4	66
151	4	5	321
152	5	1	244
152	5	2	342
152	5	3	278
152	5	4	193
152	5	5	268
153	6	2	32
153	6	3	27
153	6	5	26
154	7	2	14
154	7	5	22
155	1	1	418
155	1	2	241
155	1	3	342
155	1	4	386
155	1	5	391
156	2	1	653
156	2	2	412
156	2	3	347
156	2	4	332
156	2	5	592
157	3	1	122
157	3	2	399
157	3	3	424
157	3	4	254
157	3	5	288
158	4	1	208
158	4	2	256
158	4	3	176
158	4	4	177
158	4	5	208
159	5	1	348
159	5	2	329
159	5	3	278
159	5	4	169
159	5	5	535
160	6	2	79
160	6	3	27
160	6	5	77
161	1	1	418
161	1	2	228
161	1	3	235
161	1	4	217
161	1	5	721
162	2	1	348
162	2	2	428
162	2	3	428
162	2	4	242
162	2	5	335
163	3	1	366
163	3	2	621
163	3	3	299
163	3	4	85
163	3	5	553
164	4	1	224
164	4	2	372
164	4	3	137
164	4	4	221
164	4	5	302
165	5	1	331
165	5	2	317
165	5	3	235
165	5	4	169
165	5	5	474
166	6	1	65
166	6	2	16
166	6	3	27
167	7	2	14
168	1	1	436
168	1	2	418
168	1	3	214
168	1	4	242
168	1	5	494
169	2	1	283
169	2	2	333
169	2	3	428
169	2	4	211
169	2	5	360
170	3	1	325
170	3	2	207
170	3	3	324
170	3	4	197
170	3	5	505
171	4	1	128
171	4	2	256
171	4	3	137
171	4	4	44
171	4	5	245
172	5	1	261
172	5	2	482
172	5	3	235
172	5	4	193
172	5	5	432
173	6	1	22
173	6	2	16
173	6	4	30
173	6	5	26
174	7	3	23
175	1	1	418
175	1	2	545
175	1	3	364
175	1	4	217
175	1	5	597
176	2	1	305
176	2	2	396
176	2	3	267
176	2	4	302
176	2	5	489
177	3	1	264
177	3	2	340
177	3	3	249
177	3	4	197
177	3	5	456
178	4	1	144
178	4	2	314
178	4	3	255
178	4	4	199
178	4	5	359
179	5	1	331
179	5	2	291
179	5	3	406
179	5	4	193
179	5	5	412
180	6	1	22
180	6	2	79
180	6	3	27
180	6	5	26
181	7	2	14
182	1	1	261
182	1	2	558
182	1	3	428
182	1	4	266
182	1	5	515
183	2	1	544
183	2	2	380
183	2	3	267
183	2	4	121
183	2	5	721
184	3	1	163
184	3	2	325
184	3	3	249
184	3	4	225
184	3	5	384
185	4	1	96
185	4	2	337
185	4	3	255
185	4	4	22
185	4	5	321
186	5	1	192
186	5	2	203
186	5	3	321
186	5	4	121
186	5	5	453
187	6	2	16
187	6	5	26
188	1	1	331
188	1	2	469
188	1	3	342
188	1	4	242
188	1	5	577
189	2	1	370
189	2	2	507
189	2	3	187
189	2	4	121
189	2	5	566
190	3	1	244
190	3	2	325
190	3	3	274
190	3	4	254
190	3	5	408
191	4	1	240
191	4	2	348
191	4	3	196
191	4	4	221
191	4	5	472
192	5	1	418
192	5	2	469
192	5	3	321
192	5	4	169
192	5	5	515
193	6	1	65
193	6	2	16
194	1	1	296
194	1	2	494
194	1	3	299
194	1	4	290
194	1	5	721
195	2	1	436
195	2	2	444
195	2	3	294
195	2	4	242
195	2	5	489
196	3	1	264
196	3	2	296
196	3	3	424
196	3	4	169
196	3	5	529
197	4	1	176
197	4	2	279
197	4	3	216
197	4	4	133
197	4	5	566
198	5	1	139
198	5	2	266
198	5	3	171
198	5	4	121
198	5	5	288
199	6	3	27
200	1	1	418
200	1	2	444
200	1	3	257
200	1	4	314
200	1	5	371
201	2	1	218
201	2	2	444
201	2	3	187
201	2	4	242
201	2	5	669
202	3	1	264
202	3	2	473
202	3	3	424
202	3	4	310
202	3	5	480
203	4	1	160
203	4	2	256
203	4	3	274
203	4	4	66
203	4	5	302
204	5	1	105
204	5	2	304
204	5	3	257
204	5	4	72
204	5	5	412
205	6	1	44
205	6	2	79
205	6	3	107
205	6	4	30
205	6	5	103
206	1	1	505
206	1	2	760
206	1	3	428
206	1	4	290
206	1	5	782
207	2	1	414
207	2	2	475
207	2	3	374
207	2	4	272
207	2	5	746
208	3	1	41
208	3	2	370
208	3	3	100
208	3	4	169
208	3	5	384
209	4	1	208
209	4	2	267
209	4	3	235
209	4	4	199
209	4	5	529
210	5	1	296
210	5	2	393
210	5	3	257
210	5	4	217
210	5	5	535
211	6	1	44
211	6	2	48
211	6	4	30
212	7	2	14
213	1	1	610
213	1	2	418
213	1	3	342
213	1	4	242
213	1	5	494
214	2	1	392
214	2	2	554
214	2	3	160
214	2	4	242
214	2	5	463
215	3	1	264
215	3	2	370
215	3	3	299
215	3	4	169
215	3	5	649
216	4	1	224
216	4	2	221
216	4	3	314
216	4	4	221
216	4	5	453
217	5	1	227
217	5	2	253
217	5	3	214
217	5	4	72
217	5	5	268
218	6	1	22
218	6	5	51
219	7	4	26
220	1	1	418
220	1	2	406
220	1	3	385
220	1	4	72
220	1	5	494
221	2	1	501
221	2	2	364
221	2	3	294
221	2	4	332
221	2	5	541
222	3	1	346
222	3	2	310
222	3	3	374
222	3	4	169
222	3	5	408
223	4	1	240
223	4	2	186
223	4	3	176
223	4	4	89
223	4	5	170
224	5	1	244
224	5	2	355
224	5	3	406
224	5	4	97
224	5	5	432
225	6	1	109
225	6	2	48
225	6	4	60
225	6	5	154
226	1	1	470
226	1	2	520
226	1	3	364
226	1	4	193
226	1	5	247
227	2	1	501
227	2	2	475
227	2	3	267
227	2	4	181
227	2	5	541
228	3	1	325
228	3	2	207
228	3	3	299
228	3	4	169
228	3	5	408
229	4	1	447
229	4	2	488
229	4	3	294
229	4	4	155
229	4	5	378
230	5	1	314
230	5	2	367
230	5	3	321
230	5	4	121
230	5	5	206
231	6	2	32
231	6	3	53
231	6	5	103
232	1	1	418
232	1	2	684
232	1	3	385
232	1	4	121
232	1	5	680
233	2	1	479
233	2	2	348
233	2	3	321
233	2	4	211
233	2	5	541
234	3	1	386
234	3	2	577
234	3	3	299
234	3	4	310
234	3	5	529
235	4	1	16
235	4	2	12
235	4	3	20
236	5	2	13
237	7	1	547
237	7	2	645
237	7	3	625
237	7	4	157
237	7	5	959
238	1	1	383
238	1	2	456
238	1	3	449
238	1	4	362
238	1	5	680
239	2	1	523
239	2	2	412
239	2	3	294
239	2	4	302
239	2	5	952
240	3	1	508
240	3	2	340
240	3	3	424
240	3	4	197
240	3	5	480
241	4	1	335
241	4	2	372
241	4	3	274
241	4	4	332
241	4	5	585
242	5	1	314
242	5	2	279
242	5	3	342
242	5	4	266
242	5	5	824
243	6	1	44
243	6	2	63
243	6	3	80
243	6	4	30
243	6	5	26
244	7	1	321
244	7	2	577
244	7	3	649
244	7	4	236
244	7	5	1093
245	1	1	366
245	1	2	532
245	1	3	364
245	1	4	169
245	1	5	741
246	3	2	44
246	3	3	25
246	3	5	48
247	5	1	17
248	6	2	16
249	7	1	19
250	2	1	1111
250	2	2	649
250	2	3	561
250	2	4	574
250	2	5	1828
251	3	1	630
251	3	2	458
251	3	3	474
251	3	4	254
251	3	5	865
252	4	1	479
252	4	2	441
252	4	3	235
252	4	4	155
252	4	5	566
253	5	1	348
253	5	2	253
253	5	3	171
253	5	4	217
253	5	5	350
254	6	1	305
254	6	2	317
254	6	3	241
254	6	4	242
254	6	5	309
255	7	1	19
256	1	1	488
256	1	2	393
256	1	3	492
256	1	4	362
256	1	5	515
257	2	1	784
257	2	2	507
257	2	3	535
257	2	4	302
257	2	5	541
258	3	1	650
258	3	2	606
258	3	3	249
258	3	4	338
258	3	5	697
259	4	1	192
259	4	2	337
259	4	3	157
259	4	4	66
259	4	5	245
260	5	1	366
260	5	2	355
260	5	3	385
260	5	4	290
260	5	5	412
261	6	1	44
261	6	2	48
261	6	3	53
261	6	5	26
262	1	1	558
262	1	2	304
262	1	3	235
262	1	4	338
262	1	5	474
263	2	1	871
263	2	2	348
263	2	3	321
263	2	4	332
263	2	5	669
264	3	1	386
264	3	2	251
264	3	3	274
264	3	4	282
264	3	5	529
265	4	1	335
265	4	2	314
265	4	3	255
265	4	4	155
265	4	5	547
266	5	1	453
266	5	2	291
266	5	3	257
266	5	4	169
266	5	5	494
267	6	1	44
267	6	2	95
267	6	3	27
267	6	5	26
268	1	1	558
268	1	2	418
268	1	3	556
268	1	4	266
268	1	5	638
269	2	1	501
269	2	2	444
269	2	3	294
269	2	4	272
269	2	5	566
270	3	1	305
270	3	2	325
270	3	3	200
270	3	4	310
270	3	5	649
271	4	1	335
271	4	2	279
271	4	3	137
271	4	4	155
271	4	5	415
272	5	1	540
272	5	2	127
272	5	3	257
272	5	4	193
272	5	5	597
273	6	1	44
273	6	2	32
273	6	3	27
273	6	5	26
274	1	1	592
274	1	2	329
274	1	3	299
274	1	4	386
274	1	5	453
275	2	1	479
275	2	2	380
275	2	3	294
275	2	4	181
275	2	5	515
276	3	1	386
276	3	2	251
276	3	3	200
276	3	4	169
276	3	5	625
277	4	1	287
277	4	2	174
277	4	3	216
277	4	4	199
277	4	5	321
278	5	1	540
278	5	2	317
278	5	3	428
278	5	4	217
278	5	5	597
279	6	1	65
279	6	2	63
279	6	3	27
279	6	5	51
280	1	1	470
280	1	2	355
280	1	3	171
280	1	4	242
280	1	5	474
281	2	1	784
281	2	2	523
281	2	3	214
281	2	4	302
281	2	5	515
282	3	1	447
282	3	2	414
282	3	3	399
282	3	4	338
282	3	5	505
283	4	1	160
283	4	2	232
283	4	3	196
283	4	4	221
283	4	5	321
284	5	1	523
284	5	2	304
284	5	3	150
284	5	4	242
284	5	5	474
285	6	1	65
285	6	2	48
285	6	3	27
285	6	4	30
286	1	1	523
286	1	2	367
286	1	3	321
286	1	4	290
286	1	5	556
287	2	1	261
287	2	2	491
287	2	3	294
287	2	4	393
287	2	5	721
288	3	1	305
288	3	2	310
288	3	3	150
288	3	4	225
288	3	5	529
289	4	1	176
289	4	2	314
289	4	3	216
289	4	4	66
289	4	5	585
290	5	1	383
290	5	2	406
290	5	3	235
290	5	4	242
290	5	5	432
291	6	1	22
291	6	2	32
291	6	3	27
291	6	4	60
291	6	5	51
292	7	5	22
293	1	1	453
293	1	2	482
293	1	3	278
293	1	4	411
293	1	5	494
294	2	1	675
294	2	2	444
294	2	3	454
294	2	4	211
294	2	5	386
295	3	1	488
295	3	2	384
295	3	3	200
295	3	4	225
295	3	5	384
296	4	1	351
296	4	2	209
296	4	3	176
296	4	4	133
296	4	5	585
297	5	1	418
297	5	2	393
297	5	3	278
297	5	4	266
297	5	5	494
298	6	1	65
298	6	2	127
298	6	3	160
298	6	4	91
298	6	5	335
299	1	1	505
299	1	2	355
299	1	3	513
299	1	4	217
299	1	5	700
300	2	1	588
300	2	2	301
300	2	3	321
300	2	4	453
300	2	5	463
301	3	1	508
301	3	2	384
301	3	3	599
301	3	4	338
301	3	5	480
302	4	1	192
302	4	2	221
302	4	3	216
302	4	4	244
302	4	5	415
303	5	1	227
303	5	2	367
303	5	3	214
303	5	4	290
303	5	5	556
304	6	1	131
304	6	2	63
304	6	3	80
304	6	5	103
305	1	1	453
305	1	2	190
305	1	3	406
305	1	4	483
305	1	5	494
306	2	1	544
306	2	2	412
306	2	3	294
306	2	4	211
306	2	5	541
307	3	1	447
307	3	2	503
307	3	3	349
307	3	4	479
307	3	5	961
308	4	1	272
308	4	2	314
308	4	3	314
308	4	4	354
308	4	5	472
309	5	1	366
309	5	2	380
309	5	3	192
309	5	4	145
309	5	5	391
310	6	1	65
310	6	2	48
310	6	4	91
310	6	5	51
311	1	1	592
311	1	2	380
311	1	3	235
311	1	4	290
311	1	5	659
312	2	1	436
312	2	2	190
312	2	3	267
312	2	4	272
312	2	5	515
313	3	1	630
313	3	2	310
313	3	3	200
313	3	4	310
313	3	5	529
314	4	1	351
314	4	2	139
314	4	3	137
314	4	4	221
314	4	5	359
315	5	1	488
315	5	2	317
315	5	3	150
315	5	4	217
315	5	5	659
316	6	1	44
316	6	2	48
316	6	3	53
316	6	4	30
316	6	5	103
317	1	1	401
317	1	2	304
317	1	3	235
317	1	4	338
317	1	5	309
318	2	1	457
318	2	2	253
318	2	3	134
318	2	4	181
318	2	5	489
319	3	1	366
319	3	2	177
319	3	3	299
319	3	4	310
319	3	5	432
320	4	1	256
320	4	2	279
320	4	3	137
320	4	4	221
320	4	5	472
321	5	1	366
321	5	2	241
321	5	3	192
321	5	4	266
321	5	5	577
322	6	1	109
322	6	2	16
322	6	3	80
323	1	1	383
323	1	2	291
323	1	3	171
323	1	4	362
323	1	5	453
324	2	1	327
324	2	2	158
324	2	3	27
324	2	4	181
324	2	5	257
325	4	1	1084
325	4	2	631
325	4	3	665
325	4	4	794
325	4	5	1080
326	5	1	1453
326	5	2	700
326	5	3	829
326	5	4	609
326	5	5	978
327	6	1	232
327	6	2	61
327	6	3	52
327	6	4	29
327	6	5	275
328	1	1	1436
328	1	2	836
328	1	3	1016
328	1	4	656
328	1	5	1258
329	2	1	993
329	2	2	1152
329	2	3	648
329	2	4	849
329	2	5	1448
330	3	1	1064
330	3	2	430
330	3	3	702
330	3	4	547
330	3	5	745
331	4	1	635
331	4	2	349
331	4	3	285
331	4	4	408
331	4	5	494
332	5	1	828
332	5	2	393
332	5	3	643
332	5	4	492
332	5	5	719
333	6	1	127
333	6	2	123
333	6	3	78
333	6	4	88
333	6	5	25
334	1	1	777
334	1	2	406
334	1	3	373
334	1	4	398
334	1	5	639
335	2	1	739
335	2	2	399
335	2	3	415
335	2	4	644
335	2	5	599
336	3	1	611
336	3	2	416
336	3	3	508
336	3	4	219
336	3	5	792
337	4	1	743
337	4	2	462
337	4	3	513
337	4	4	494
337	4	5	494
338	5	1	541
338	5	2	700
338	5	3	477
338	5	4	609
338	5	5	679
339	6	1	106
339	6	2	77
339	6	3	78
339	6	5	150
340	1	1	912
340	1	2	578
340	1	3	643
340	1	4	539
340	1	5	919
341	2	1	739
341	2	2	645
341	2	3	752
341	2	4	468
341	2	5	924
342	3	1	966
342	3	2	502
342	3	3	774
342	3	4	547
342	3	5	745
343	4	1	589
343	4	2	451
343	4	3	399
343	4	4	172
343	4	5	531
344	5	1	794
344	5	2	725
344	5	3	746
344	5	4	703
344	5	5	919
345	6	1	42
345	6	2	61
345	6	4	146
345	6	5	75
346	7	1	311
346	7	2	386
346	7	3	157
346	7	4	178
346	7	5	627
347	1	1	895
347	1	2	676
347	1	3	726
347	1	4	1124
347	1	5	899
348	2	1	1119
348	2	2	584
348	2	3	700
348	2	4	556
348	2	5	998
349	3	1	394
349	3	2	215
349	3	3	169
349	3	4	191
349	3	5	629
350	4	1	77
350	4	2	34
350	4	3	57
350	4	4	21
350	4	5	55
351	3	5	23
352	4	3	19
353	5	1	1081
353	5	2	504
353	5	3	435
353	5	4	843
353	5	5	1198
354	6	1	993
354	6	2	415
354	6	3	622
354	6	4	703
354	6	5	599
355	7	2	13
356	1	1	1064
356	1	2	565
356	1	3	498
356	1	4	984
356	1	5	599
357	2	1	824
357	2	2	568
357	2	3	726
357	2	4	908
357	2	5	499
358	3	1	769
358	3	2	229
358	3	3	314
358	3	4	574
358	3	5	396
359	4	1	589
359	4	2	270
359	4	3	152
359	4	4	236
359	4	5	329
360	5	1	406
360	5	2	307
360	5	3	228
360	5	4	492
360	5	5	339
361	6	1	42
361	6	2	15
361	6	3	52
361	6	4	88
361	6	5	75
362	7	1	18
363	1	1	760
363	1	2	270
363	1	3	311
363	1	4	234
363	1	5	260
364	2	1	824
364	2	2	230
364	2	3	311
364	2	4	264
364	2	5	275
365	3	1	591
365	3	2	272
365	3	3	266
365	3	4	492
365	3	5	419
366	4	1	387
366	4	2	248
366	4	3	209
366	4	4	322
366	4	5	366
367	5	1	507
367	5	2	221
367	5	3	290
367	5	4	468
367	5	5	419
368	6	1	63
368	6	2	108
368	6	4	29
368	6	5	50
369	7	2	13
370	1	1	558
370	1	2	393
370	1	3	311
370	1	4	586
370	1	5	539
371	2	1	972
371	2	2	676
371	2	3	441
371	2	4	586
371	2	5	549
372	3	1	670
372	3	2	459
372	3	3	411
372	3	4	465
372	3	5	466
373	4	1	480
373	4	2	248
373	4	3	266
373	4	4	279
373	4	5	293
374	5	1	389
374	5	2	319
374	5	3	166
374	5	4	234
374	5	5	200
375	6	1	21
375	6	2	123
375	6	3	52
375	6	4	59
375	6	5	50
376	7	2	27
377	1	1	558
377	1	2	258
377	1	3	290
377	1	4	820
377	1	5	280
378	2	1	803
378	2	2	169
378	2	3	181
378	2	4	615
378	2	5	250
379	3	1	513
379	3	2	272
379	3	3	169
379	3	4	465
379	3	5	303
380	4	1	387
380	4	2	304
380	4	3	152
380	4	4	301
380	4	5	293
381	5	1	304
381	5	2	197
381	5	3	83
381	5	4	141
381	5	5	339
382	6	1	127
382	6	2	15
382	6	3	52
382	6	4	146
382	6	5	50
383	1	1	541
383	1	2	307
383	1	3	353
383	1	4	445
383	1	5	419
384	2	1	549
384	2	2	200
384	2	3	156
384	2	4	498
384	2	5	399
385	3	1	591
385	3	2	301
385	3	3	218
385	3	4	164
385	3	5	419
386	4	1	387
386	4	2	225
386	4	3	190
386	4	4	279
386	4	5	311
387	5	1	338
387	5	2	172
387	5	3	228
387	5	4	211
387	5	5	180
388	6	1	63
388	6	2	92
388	6	4	59
388	6	5	25
389	1	1	625
389	1	2	283
389	1	3	270
389	1	4	375
389	1	5	379
390	2	1	824
390	2	2	399
390	2	3	415
390	2	4	586
390	2	5	624
391	3	1	434
391	3	2	301
391	3	3	290
391	3	4	465
391	3	5	443
392	4	1	232
392	4	2	214
392	4	3	152
392	4	4	215
392	4	5	311
393	5	1	372
393	5	2	307
393	5	3	270
393	5	4	351
393	5	5	200
394	6	1	42
394	6	2	46
394	6	4	59
394	6	5	75
395	1	1	473
395	1	2	233
395	1	3	166
395	1	4	351
395	1	5	359
396	2	1	528
396	2	2	430
396	2	3	337
396	2	4	556
396	2	5	200
397	3	1	828
397	3	2	659
397	3	3	532
397	3	4	492
397	3	5	443
398	4	1	263
398	4	2	383
398	4	3	304
398	4	4	236
398	4	5	348
399	5	1	558
399	5	2	430
399	5	3	415
399	5	4	351
399	5	5	719
400	6	1	42
400	6	2	46
400	6	3	26
400	6	5	25
401	7	4	25
402	1	1	406
402	1	2	356
402	1	3	207
402	1	4	351
402	1	5	419
403	2	1	380
403	2	2	384
403	2	3	259
403	2	4	468
403	2	5	424
404	3	1	611
404	3	2	387
404	3	3	290
404	3	4	219
404	3	5	280
405	4	1	465
405	4	2	451
405	4	3	171
405	4	4	215
405	4	5	366
406	5	1	287
406	5	2	221
406	5	3	270
406	5	4	211
406	5	5	359
407	6	5	25
408	7	5	22
409	1	1	34
409	1	2	25
410	2	1	781
410	2	2	676
410	2	3	389
410	2	4	556
410	2	5	674
411	3	1	710
411	3	2	401
411	3	3	532
411	3	4	383
411	3	5	443
412	4	1	356
412	4	2	315
412	4	3	342
412	4	4	279
412	4	5	311
413	5	1	338
413	5	2	393
413	5	3	249
413	5	4	141
413	5	5	339
414	6	1	21
414	6	2	31
414	6	3	26
414	6	4	29
414	6	5	75
415	1	1	439
415	1	2	332
415	1	3	373
415	1	4	398
415	1	5	359
416	2	1	444
416	2	2	461
416	2	3	415
416	2	4	176
416	2	5	374
417	3	1	355
417	3	2	373
417	3	3	218
417	3	4	410
417	3	5	326
418	4	1	449
418	4	2	631
418	4	3	342
418	4	4	150
418	4	5	604
419	5	1	456
419	5	2	406
419	5	3	353
419	5	4	211
419	5	5	459
420	6	1	84
420	6	2	61
420	6	3	78
420	6	4	59
420	6	5	75
421	7	5	22
422	1	1	541
422	1	2	283
422	1	3	435
422	1	4	492
422	1	5	319
423	2	1	824
423	2	2	461
423	2	3	337
423	2	4	586
423	2	5	399
424	3	1	355
424	3	2	444
424	3	3	339
424	3	4	246
424	3	5	419
425	4	1	356
425	4	2	248
425	4	3	209
425	4	4	86
425	4	5	201
426	5	1	693
426	5	2	406
426	5	3	332
426	5	4	258
426	5	5	559
427	6	1	21
427	6	2	77
427	6	3	78
427	6	4	29
427	6	5	25
428	1	1	473
428	1	2	406
428	1	3	332
428	1	4	351
428	1	5	339
429	2	1	465
429	2	2	384
429	2	3	337
429	2	4	439
429	2	5	549
430	3	1	355
430	3	2	272
430	3	3	314
430	3	4	246
430	3	5	676
431	5	2	12
432	6	2	46
432	6	3	26
433	7	1	842
433	7	2	306
433	7	3	449
433	7	4	431
433	7	5	562
434	1	1	524
434	1	2	246
434	1	3	311
434	1	4	141
434	1	5	399
435	2	1	655
435	2	2	507
435	2	3	311
435	2	4	410
435	2	5	374
436	3	1	552
436	3	2	301
436	3	3	363
436	3	4	273
436	3	5	536
437	4	1	527
437	4	2	428
437	4	3	532
437	4	4	193
437	4	5	604
438	5	1	270
438	5	2	455
438	5	3	353
438	5	4	211
438	5	5	339
439	6	2	77
439	6	3	26
439	6	4	88
440	1	1	372
440	1	2	258
440	1	3	249
440	1	4	281
440	1	5	439
441	2	1	570
441	2	2	338
441	2	3	544
441	2	4	205
441	2	5	200
442	3	1	335
442	3	2	502
442	3	3	218
442	3	4	164
442	3	5	536
443	4	1	248
443	4	2	259
443	4	3	209
443	4	4	258
443	4	5	256
444	5	1	389
444	5	2	344
444	5	3	249
444	5	4	305
444	5	5	399
445	6	1	21
445	6	2	77
445	6	3	52
445	6	4	88
445	6	5	25
446	7	1	18
447	1	1	574
447	1	2	283
447	1	3	311
447	1	4	305
447	1	5	339
448	2	1	465
448	2	2	323
448	2	3	415
448	2	4	264
448	2	5	374
449	3	1	197
449	3	2	258
449	3	3	242
449	3	4	137
449	3	5	256
450	4	1	248
450	4	2	248
450	4	3	228
450	4	4	236
450	4	5	293
451	5	1	321
451	5	2	270
451	5	3	270
451	5	4	305
451	5	5	379
452	6	2	46
452	6	3	52
452	6	5	25
453	1	1	456
453	1	2	406
453	1	3	270
453	1	4	211
453	1	5	519
454	2	1	380
454	2	2	338
454	2	3	363
454	2	4	264
454	2	5	424
455	3	1	177
455	3	2	272
455	3	3	363
455	3	4	164
455	3	5	326
456	4	1	248
456	4	2	293
456	4	3	171
456	4	4	86
456	4	5	403
457	5	1	270
457	5	2	688
457	5	3	560
457	5	4	281
457	5	5	539
458	6	1	84
458	6	2	15
458	6	4	29
458	6	5	25
459	7	4	25
459	7	5	22
460	2	1	697
460	2	2	476
460	2	3	726
460	2	4	410
460	2	5	599
461	3	1	434
461	3	2	387
461	3	3	194
461	3	4	273
461	3	5	373
462	4	1	279
462	4	2	237
462	4	3	152
462	4	4	193
462	4	5	220
463	5	1	507
463	5	2	295
463	5	3	332
463	5	4	281
463	5	5	359
464	6	1	42
464	6	2	31
464	6	3	26
464	6	5	25
465	7	2	13
466	1	1	439
466	1	2	455
466	1	3	394
466	1	4	351
466	1	5	280
467	2	1	275
467	2	2	384
467	2	3	233
467	2	4	146
467	2	5	250
468	3	1	197
468	3	2	229
468	3	3	145
468	3	4	246
468	3	5	256
469	4	1	341
469	4	2	191
469	4	3	95
469	4	4	215
469	4	5	183
470	5	1	287
470	5	2	406
470	5	3	124
470	5	4	187
470	5	5	379
471	6	1	106
471	6	2	31
471	6	5	75
472	1	1	507
472	1	2	209
472	1	3	228
472	1	4	305
472	1	5	240
473	2	1	507
473	2	2	230
473	2	3	363
473	2	4	264
473	2	5	349
474	3	1	375
474	3	2	444
474	3	3	339
474	3	4	328
474	3	5	466
475	4	1	217
475	4	2	293
475	4	3	133
475	4	4	236
475	4	5	348
476	5	1	439
476	5	2	258
476	5	3	145
476	5	4	328
476	5	5	200
477	6	1	21
477	6	2	31
477	6	3	52
477	6	4	29
478	1	1	439
478	1	2	221
478	1	3	249
478	1	4	328
478	1	5	379
479	2	1	612
479	2	2	307
479	2	3	389
479	2	4	234
479	2	5	474
480	3	1	532
480	3	2	645
480	3	3	411
480	3	4	219
480	3	5	676
481	4	1	356
481	4	2	304
481	4	3	266
481	4	4	193
481	4	5	348
482	5	1	253
482	5	2	492
482	5	3	477
482	5	4	328
482	5	5	499
483	6	1	42
483	6	2	61
483	6	3	104
483	6	4	59
483	6	5	25
484	1	1	372
484	1	2	221
484	1	3	207
484	1	4	164
484	1	5	220
485	2	1	718
485	2	2	522
485	2	3	415
485	2	4	468
485	2	5	699
486	3	1	493
486	3	2	545
486	3	3	339
486	3	4	301
486	3	5	349
487	4	1	294
487	4	2	259
487	4	3	304
487	4	4	301
487	4	5	384
488	5	1	304
488	5	2	381
488	5	3	228
488	5	4	422
488	5	5	419
489	6	1	21
489	6	2	61
489	6	5	25
490	1	1	355
490	1	2	455
490	1	3	332
490	1	4	422
490	1	5	419
491	2	1	549
491	2	2	599
491	2	3	311
491	2	4	351
491	2	5	399
492	3	1	414
492	3	2	229
492	3	3	411
492	3	4	328
492	3	5	349
493	4	1	170
493	4	2	338
493	4	3	285
493	4	4	107
493	4	5	366
494	5	1	372
494	5	2	418
494	5	3	270
494	5	4	234
494	5	5	200
495	6	2	46
495	6	3	52
495	6	4	29
495	6	5	25
496	1	1	287
496	1	2	369
496	1	3	332
496	1	4	398
496	1	5	679
497	2	1	380
497	2	2	353
497	2	3	518
497	2	4	322
497	2	5	499
498	3	1	276
498	3	2	315
498	3	3	266
498	3	4	492
498	3	5	443
499	4	1	341
499	4	2	248
499	4	3	342
499	4	4	215
499	4	5	366
500	5	1	321
500	5	2	393
500	5	3	249
500	5	4	351
500	5	5	539
501	6	1	21
501	6	2	77
501	6	5	150
502	1	1	203
502	1	2	430
502	1	3	290
502	1	4	258
502	1	5	559
503	2	1	317
503	2	2	445
503	2	3	389
503	2	4	264
503	2	5	324
504	3	1	394
504	3	2	330
504	3	3	145
504	3	4	137
504	3	5	489
505	4	1	387
505	4	2	315
505	4	3	342
505	4	4	301
505	4	5	311
506	5	1	237
506	5	2	283
506	5	3	228
506	5	4	117
506	5	5	379
507	6	2	15
507	6	3	26
508	1	1	270
508	1	2	332
508	1	3	373
508	1	4	281
508	1	5	499
509	2	1	422
509	2	2	323
509	2	3	363
509	2	4	117
509	2	5	524
510	3	1	237
510	3	2	186
510	3	3	314
510	3	4	273
510	3	5	303
511	4	1	279
511	4	2	180
511	4	3	190
511	4	4	215
511	4	5	311
512	5	1	338
512	5	2	209
512	5	3	207
512	5	4	258
512	5	5	379
513	6	2	15
513	6	3	104
513	6	4	29
513	6	5	100
514	1	1	524
514	1	2	455
514	1	3	353
514	1	4	211
514	1	5	479
515	2	1	507
515	2	2	599
515	2	3	622
515	2	4	410
515	2	5	649
516	3	1	276
516	3	2	330
516	3	3	363
516	3	4	246
516	3	5	443
517	4	1	170
517	4	2	146
517	4	3	228
517	4	4	150
517	4	5	329
518	5	1	406
518	5	2	270
518	5	3	249
518	5	4	141
518	5	5	479
519	6	1	84
519	6	2	46
519	6	3	52
519	6	5	25
520	1	1	422
520	1	2	393
520	1	3	477
520	1	4	305
520	1	5	479
521	2	1	338
521	2	2	184
521	2	3	156
521	2	4	264
521	2	5	474
522	3	1	315
522	3	2	272
522	3	3	266
522	3	4	219
522	3	5	349
523	4	1	201
523	4	2	214
523	4	3	247
523	4	4	193
523	4	5	275
524	5	1	220
524	5	2	209
524	5	3	332
524	5	4	117
524	5	5	499
525	6	1	63
525	6	2	31
525	6	3	104
525	6	5	50
526	1	1	422
526	1	2	307
526	1	3	228
526	1	4	351
526	1	5	559
527	2	1	338
527	2	2	384
527	2	3	311
527	2	4	234
527	2	5	674
528	3	1	572
528	3	2	229
528	3	3	314
528	3	4	219
528	3	5	373
529	4	1	403
529	4	2	259
529	4	3	209
529	4	4	236
529	4	5	403
530	5	1	203
530	5	2	258
530	5	3	290
530	5	4	94
530	5	5	220
531	6	1	127
531	6	2	77
531	6	3	26
531	6	5	75
532	7	2	13
533	1	1	338
533	1	2	283
533	1	3	353
533	1	4	351
533	1	5	499
534	2	1	380
534	2	2	445
534	2	3	311
534	2	4	264
534	2	5	649
535	3	1	217
535	3	2	344
535	3	3	266
535	3	4	55
535	3	5	489
536	4	1	263
536	4	2	248
536	4	3	266
536	4	4	193
536	4	5	329
537	5	1	406
537	5	2	221
537	5	3	435
537	5	4	211
537	5	5	479
538	6	1	21
538	6	2	31
538	6	3	26
538	6	4	59
538	6	5	75
539	1	1	676
539	1	2	393
539	1	3	518
539	1	4	398
539	1	5	779
540	2	1	655
540	2	2	323
540	2	3	492
540	2	4	322
540	2	5	674
541	3	1	473
541	3	2	401
541	3	3	532
541	3	4	137
541	3	5	536
542	4	1	232
542	4	2	270
542	4	3	361
542	4	4	279
542	4	5	329
543	5	1	406
543	5	2	553
543	5	3	498
543	5	4	328
543	5	5	559
544	6	1	21
544	6	2	61
544	6	3	52
544	6	4	59
544	6	5	25
545	2	1	570
545	2	2	829
545	2	3	829
545	2	4	468
545	2	5	1348
546	3	1	473
546	3	2	516
546	3	3	677
546	3	4	273
546	3	5	326
547	4	1	294
547	4	2	338
547	4	3	380
547	4	4	279
547	4	5	311
548	5	1	355
548	5	2	479
548	5	3	435
548	5	4	305
548	5	5	459
549	6	1	84
549	6	2	77
549	6	3	52
549	6	4	29
549	6	5	75
550	1	1	439
550	1	2	442
550	1	3	498
550	1	4	351
550	1	5	479
551	2	1	528
551	2	2	430
551	2	3	518
551	2	4	381
551	2	5	374
552	3	1	217
552	3	2	387
552	3	3	169
552	3	4	137
552	3	5	280
553	4	1	232
553	4	2	259
553	4	3	323
553	4	4	215
553	4	5	384
554	5	1	406
554	5	2	356
554	5	3	498
554	5	4	398
554	5	5	439
555	6	1	84
555	6	2	46
555	6	5	75
556	1	1	507
556	1	2	307
556	1	3	311
556	1	4	492
556	1	5	539
557	2	1	549
557	2	2	430
557	2	3	544
557	2	4	322
557	2	5	374
558	3	1	355
558	3	2	358
558	3	3	314
558	3	4	355
558	3	5	419
559	4	1	310
559	4	2	383
559	4	3	399
559	4	4	107
559	4	5	458
560	5	1	355
560	5	2	811
560	5	3	809
560	5	4	211
560	5	5	779
561	6	1	63
561	6	2	108
561	6	3	52
561	6	4	59
561	6	5	100
562	7	1	128
562	7	2	319
562	7	3	247
562	7	4	76
562	7	5	498
563	1	1	490
563	1	2	541
563	1	3	456
563	1	4	609
563	1	5	819
564	2	1	570
564	2	2	845
564	2	3	492
564	2	4	556
564	2	5	674
565	3	1	20
565	3	2	14
565	3	3	24
565	3	4	27
565	3	5	47
566	1	2	12
566	1	5	40
567	2	2	15
568	3	1	848
568	3	2	989
568	3	3	1016
568	3	4	765
568	3	5	1165
569	4	1	558
569	4	2	372
569	4	3	646
569	4	4	344
569	4	5	476
570	5	1	473
570	5	2	467
570	5	3	684
570	5	4	351
570	5	5	479
571	6	1	380
571	6	2	461
571	6	3	544
571	6	4	205
571	6	5	374
572	7	2	13
572	7	5	22
573	1	1	743
573	1	2	565
573	1	3	601
573	1	4	468
573	1	5	719
574	2	1	486
574	2	2	553
574	2	3	622
574	2	4	381
574	2	5	399
575	3	1	532
575	3	2	573
575	3	3	339
575	3	4	465
575	3	5	373
576	4	1	310
576	4	2	360
576	4	3	228
576	4	4	258
576	4	5	311
577	5	1	237
577	5	2	307
577	5	3	228
577	5	4	281
577	5	5	379
578	6	1	21
578	6	2	92
578	6	3	26
578	6	4	29
578	6	5	25
579	1	1	338
579	1	2	406
579	1	3	435
579	1	4	234
579	1	5	379
580	2	1	528
580	2	2	353
580	2	3	492
580	2	4	88
580	2	5	624
581	3	1	453
581	3	2	244
581	3	3	581
581	3	4	246
581	3	5	443
582	4	1	170
582	4	2	338
582	4	3	266
582	4	4	172
582	4	5	366
583	5	1	304
583	5	2	295
583	5	3	353
583	5	4	70
583	5	5	359
584	6	1	42
584	6	2	46
584	6	3	26
584	6	4	29
584	6	5	75
585	1	1	355
585	1	2	270
585	1	3	498
585	1	4	351
585	1	5	519
586	2	1	655
586	2	2	660
586	2	3	441
586	2	4	234
586	2	5	399
587	3	1	296
587	3	2	530
587	3	3	484
587	3	4	355
587	3	5	396
588	4	1	341
588	4	2	518
588	4	3	532
588	4	4	344
588	4	5	659
589	5	1	270
589	5	2	356
589	5	3	353
589	5	4	141
589	5	5	459
590	6	2	15
591	1	1	507
591	1	2	492
591	1	3	353
591	1	4	305
591	1	5	479
592	2	1	465
592	2	2	415
592	2	3	441
592	2	4	176
592	2	5	449
593	3	1	276
593	3	2	416
593	3	3	411
593	3	4	519
593	3	5	140
594	4	1	325
594	4	2	327
594	4	3	247
594	4	4	150
594	4	5	293
595	5	1	338
595	5	2	369
595	5	3	311
595	5	4	281
595	5	5	419
596	6	1	21
596	6	2	46
596	6	3	26
596	6	4	88
596	6	5	75
597	1	1	372
597	1	2	467
597	1	3	498
597	1	4	305
597	1	5	399
598	2	1	422
598	2	2	292
598	2	3	311
598	2	4	293
598	2	5	374
599	3	1	414
599	3	2	344
599	3	3	435
599	3	4	301
599	3	5	373
600	4	1	217
600	4	2	237
600	4	3	304
600	4	4	107
600	4	5	220
601	5	1	338
601	5	2	319
601	5	3	518
601	5	4	258
601	5	5	499
602	6	1	42
602	6	2	46
602	6	3	78
602	6	4	29
602	6	5	50
603	7	5	22
604	1	1	574
604	1	2	467
604	1	3	581
604	1	4	234
604	1	5	319
605	2	1	528
605	2	2	660
605	2	3	389
605	2	4	205
605	2	5	574
606	3	1	315
606	3	2	344
606	3	3	460
606	3	4	191
606	3	5	559
607	4	1	279
607	4	2	372
607	4	3	266
607	4	4	258
607	4	5	293
608	5	1	253
608	5	2	455
608	5	3	435
608	5	4	234
608	5	5	379
609	6	1	42
609	6	2	46
609	6	3	104
609	6	4	29
609	6	5	25
610	1	1	372
610	1	2	356
610	1	3	435
610	1	4	281
610	1	5	419
611	2	1	486
611	2	2	430
611	2	3	492
611	2	4	410
611	2	5	424
612	3	1	375
612	3	2	344
612	3	3	290
612	3	4	273
612	3	5	303
613	4	1	279
613	4	2	191
613	4	3	342
613	4	4	193
613	4	5	238
614	5	1	237
614	5	2	393
614	5	3	249
614	5	4	211
614	5	5	319
615	6	1	63
615	6	2	92
615	6	3	26
615	6	4	88
615	6	5	75
616	1	1	507
616	1	2	295
616	1	3	518
616	1	4	375
616	1	5	599
617	2	1	486
617	2	2	261
617	2	3	389
617	2	4	293
617	2	5	349
618	3	1	473
618	3	2	272
618	3	3	290
618	3	4	301
618	3	5	419
619	4	1	356
619	4	2	383
619	4	3	361
619	4	4	193
619	4	5	348
620	5	1	220
620	5	2	344
620	5	3	290
620	5	4	305
620	5	5	300
621	6	1	42
621	6	2	92
621	6	3	52
621	6	5	75
622	1	1	490
622	1	2	442
622	1	3	415
622	1	4	258
622	1	5	419
623	2	1	739
623	2	2	507
623	2	3	285
623	2	4	410
623	2	5	549
624	3	1	473
624	3	2	358
624	3	3	194
624	3	4	246
624	3	5	233
625	4	1	310
625	4	2	462
625	4	3	342
625	4	4	215
625	4	5	366
626	5	1	574
626	5	2	430
626	5	3	249
626	5	4	94
626	5	5	359
627	6	1	21
627	6	2	15
627	6	3	52
627	6	5	50
628	1	1	422
628	1	2	319
628	1	3	311
628	1	4	422
628	1	5	639
629	2	1	422
629	2	2	276
629	2	3	492
629	2	4	322
629	2	5	524
630	3	1	434
630	3	2	258
630	3	3	290
630	3	4	328
630	3	5	419
631	4	1	279
631	4	2	270
631	4	3	285
631	4	4	150
631	4	5	348
632	5	1	287
632	5	2	553
632	5	3	581
632	5	4	117
632	5	5	439
633	6	1	21
633	6	2	61
633	6	3	104
634	1	1	253
634	1	2	197
634	1	3	332
634	1	4	492
634	1	5	319
635	2	1	612
635	2	2	707
635	2	3	596
635	2	4	527
635	2	5	649
636	3	1	473
636	3	2	330
636	3	3	460
636	3	4	301
636	3	5	396
637	4	1	155
637	4	2	135
637	4	3	171
637	4	4	107
637	4	5	201
638	5	1	321
638	5	2	393
638	5	3	373
638	5	4	258
638	5	5	499
639	6	1	84
639	6	2	31
639	6	5	25
640	7	4	25
641	1	1	507
641	1	2	307
641	1	3	560
641	1	4	234
641	1	5	559
642	2	1	275
642	2	2	184
642	2	3	233
642	2	4	176
642	2	5	424
643	3	1	158
643	3	2	172
643	3	3	97
643	3	4	711
643	3	5	140
644	4	1	17
644	4	2	37
644	4	3	21
645	7	1	1642
645	7	2	1412
645	7	3	1007
645	7	4	944
645	7	5	2058
646	1	1	1312
646	1	2	1021
646	1	3	1089
646	1	4	897
646	1	5	1485
647	2	1	2102
647	2	2	1546
647	2	3	1106
647	2	4	1025
647	2	5	1447
648	3	1	992
648	3	2	659
648	3	3	714
648	3	4	359
648	3	5	892
649	4	1	1254
649	4	2	1096
649	4	3	1185
649	4	4	986
649	4	5	1221
650	5	1	758
650	5	2	995
650	5	3	885
650	5	4	640
650	5	5	1223
651	6	1	439
651	6	2	151
651	6	3	28
651	6	4	96
651	6	5	82
652	1	1	795
652	1	2	941
652	1	3	590
652	1	4	666
652	1	5	1267
653	2	1	1132
653	2	2	638
653	2	3	369
653	2	4	705
653	2	5	628
654	3	1	539
654	3	2	439
654	3	3	635
654	3	4	359
654	3	5	510
655	4	1	695
655	4	2	419
655	4	3	582
655	4	4	305
655	4	5	721
656	5	1	832
656	5	2	511
656	5	3	522
656	5	4	436
656	5	5	568
657	6	1	69
657	6	2	118
657	6	3	142
657	6	4	64
657	6	5	55
658	7	5	24
659	1	1	573
659	1	2	578
659	1	3	590
659	1	4	461
659	1	5	1223
660	2	1	716
660	2	2	504
660	2	3	567
660	2	4	352
660	2	5	655
661	3	1	862
661	3	2	455
661	3	3	476
661	3	4	448
661	3	5	713
662	4	1	559
662	4	2	480
662	4	3	686
662	4	4	235
662	4	5	541
663	5	1	591
663	5	2	538
663	5	3	590
663	5	4	487
663	5	5	677
664	6	1	116
664	6	2	67
664	6	3	142
664	6	4	128
664	6	5	246
665	7	5	24
666	1	1	462
666	1	2	524
666	1	3	590
666	1	4	461
666	1	5	655
667	2	1	693
667	2	2	672
667	2	3	822
667	2	4	384
667	2	5	955
668	3	1	625
668	3	2	533
668	3	3	1085
668	3	4	717
668	3	5	917
669	4	1	745
669	4	2	320
669	4	3	437
669	4	4	564
669	4	5	480
670	5	1	573
670	5	2	591
670	5	3	454
670	5	4	436
670	5	5	655
671	6	1	46
671	6	2	168
671	6	3	170
671	6	4	32
671	6	5	55
672	1	1	776
672	1	2	497
672	1	3	635
672	1	4	666
672	1	5	895
673	2	1	762
673	2	2	689
673	2	3	709
673	2	4	737
673	2	5	601
674	3	1	1035
674	3	2	784
674	3	3	556
674	3	4	747
674	3	5	713
675	4	1	576
675	4	2	357
675	4	3	499
675	4	4	517
675	4	5	581
676	5	1	665
676	5	2	591
676	5	3	363
676	5	4	333
676	5	5	612
677	6	1	69
677	6	2	67
677	6	3	85
677	6	4	64
677	6	5	82
678	1	1	906
678	1	2	645
678	1	3	975
678	1	4	512
678	1	5	1179
679	2	1	1363
679	2	2	874
679	2	3	907
679	2	4	640
679	2	5	846
680	3	1	884
680	3	2	721
680	3	3	926
680	3	4	658
680	3	5	688
681	4	1	762
681	4	2	567
681	4	3	1351
681	4	4	540
681	4	5	921
682	5	1	813
682	5	2	578
682	5	3	862
682	5	4	640
682	5	5	808
683	6	1	162
683	6	2	50
683	6	3	57
683	6	4	192
683	6	5	191
684	7	1	440
684	7	2	626
684	7	3	467
684	7	4	278
684	7	5	852
685	1	1	1423
685	1	2	766
685	1	3	726
685	1	4	743
685	1	5	1245
686	2	1	485
686	2	2	353
686	2	3	113
686	2	4	352
686	2	5	737
687	2	1	23
688	3	1	970
688	3	2	800
688	3	3	820
688	3	4	568
688	3	5	1554
689	4	1	932
689	4	2	862
689	4	3	728
689	4	4	752
689	4	5	1121
690	5	1	702
690	5	2	511
690	5	3	839
690	5	4	692
690	5	5	917
691	6	1	416
691	6	2	151
691	6	3	539
691	6	4	448
691	6	5	519
692	1	1	758
692	1	2	820
692	1	3	1315
692	1	4	1153
692	1	5	786
693	2	1	855
693	2	2	722
693	2	3	1049
693	2	4	833
693	2	5	573
694	3	1	431
694	3	2	361
694	3	3	423
694	3	4	329
694	3	5	510
695	4	1	356
695	4	2	370
695	4	3	229
695	4	4	282
695	4	5	240
696	5	1	388
696	5	2	282
696	5	3	386
696	5	4	359
696	5	5	393
697	6	1	139
697	6	2	34
697	6	3	85
697	6	4	32
698	1	1	351
698	1	2	323
698	1	3	408
698	1	4	487
698	1	5	459
699	2	1	624
699	2	2	403
699	2	3	567
699	2	4	448
699	2	5	437
700	3	1	345
700	3	2	298
700	3	3	132
700	3	4	269
700	3	5	382
701	4	1	390
701	4	2	357
701	4	3	270
701	4	4	376
701	4	5	300
702	5	1	444
702	5	2	336
702	5	3	408
702	5	4	154
702	5	5	284
703	6	1	69
703	6	2	84
703	6	3	28
703	6	5	55
704	1	1	573
704	1	2	390
704	1	3	227
704	1	4	794
704	1	5	524
705	2	1	693
705	2	2	269
705	2	3	425
705	2	4	640
705	2	5	464
706	3	1	798
706	3	2	251
706	3	3	265
706	3	4	389
706	3	5	204
707	4	1	288
707	4	2	296
707	4	3	291
707	4	4	329
707	4	5	320
708	5	1	573
708	5	2	336
708	5	3	204
708	5	4	333
708	5	5	218
709	6	1	208
709	6	2	218
709	6	3	198
709	6	4	160
709	6	5	164
710	1	1	758
710	1	2	403
710	1	3	635
710	1	4	384
710	1	5	437
711	2	1	785
711	2	2	487
711	2	3	369
711	2	4	384
711	2	5	300
712	3	1	582
712	3	2	643
712	3	3	238
712	3	4	478
712	3	5	510
713	4	1	407
713	4	2	197
713	4	3	125
713	4	4	211
713	4	5	200
714	5	1	684
714	5	2	255
714	5	3	181
714	5	4	205
714	5	5	371
715	6	1	116
715	6	2	84
715	6	3	57
715	6	4	64
715	6	5	55
716	1	1	536
716	1	2	470
716	1	3	318
716	1	4	410
716	1	5	546
717	2	1	531
717	2	2	403
717	2	3	198
717	2	4	384
717	2	5	491
718	3	1	496
718	3	2	455
718	3	3	318
718	3	4	209
718	3	5	306
719	4	1	373
719	4	2	185
719	4	3	166
719	4	4	258
719	4	5	120
720	5	1	444
720	5	2	403
720	5	3	340
720	5	4	256
720	5	5	459
721	6	5	55
722	1	2	13
723	2	1	1086
723	2	2	689
723	2	3	369
723	2	4	608
723	2	5	628
724	3	1	819
724	3	2	392
724	3	3	529
724	3	4	389
724	3	5	561
725	4	1	271
725	4	2	296
725	4	3	270
725	4	4	211
725	4	5	300
726	5	1	407
726	5	2	470
726	5	3	272
726	5	4	384
726	5	5	502
727	6	1	46
727	6	2	34
727	6	4	32
727	6	5	27
728	7	1	20
729	1	1	462
729	1	2	430
729	1	3	363
729	1	4	461
729	1	5	328
730	2	1	462
730	2	2	403
730	2	3	425
730	2	4	352
730	2	5	382
731	3	1	259
731	3	2	361
731	3	3	265
731	3	4	239
731	3	5	331
732	4	1	356
732	4	2	283
732	4	3	187
732	4	4	188
732	4	5	340
733	5	1	240
733	5	2	390
733	5	3	136
733	5	4	282
733	5	5	262
734	6	1	46
734	6	2	17
734	6	3	57
734	6	4	128
734	6	5	27
735	1	1	536
735	1	2	444
735	1	3	386
735	1	4	512
735	1	5	546
736	2	1	924
736	2	2	554
736	2	3	340
736	2	4	512
736	2	5	655
737	3	1	410
737	3	2	392
737	3	3	582
737	3	4	299
737	3	5	331
738	4	1	220
738	4	2	234
738	4	3	187
738	4	4	164
738	4	5	300
739	5	1	296
739	5	2	323
739	5	3	249
739	5	4	307
739	5	5	349
740	6	1	46
740	6	2	101
740	6	3	85
740	6	4	64
740	6	5	82
741	1	1	480
741	1	2	564
741	1	3	703
741	1	4	307
741	1	5	437
742	2	1	716
742	2	2	470
742	2	3	482
742	2	4	480
742	2	5	682
743	3	1	453
743	3	2	345
743	3	3	344
743	3	4	478
743	3	5	535
744	4	1	390
744	4	2	431
744	4	3	270
744	4	4	305
744	4	5	621
745	5	2	27
746	1	1	610
746	1	2	470
746	1	3	567
746	1	4	564
746	1	5	939
747	2	1	485
747	2	2	487
747	2	3	340
747	2	4	416
747	2	5	655
748	3	1	711
748	3	2	596
748	3	3	423
748	3	4	508
748	3	5	586
749	4	1	407
749	4	2	209
749	4	3	437
749	4	4	423
749	4	5	400
750	5	1	554
750	5	2	376
750	5	3	431
750	5	4	256
750	5	5	437
751	6	1	46
751	6	2	67
751	6	3	85
751	6	4	96
751	6	5	27
752	1	1	462
752	1	2	349
752	1	3	544
752	1	4	461
752	1	5	568
753	2	1	647
753	2	2	487
753	2	3	312
753	2	4	480
753	2	5	546
754	3	1	367
754	3	2	455
754	3	3	318
754	3	4	359
754	3	5	382
755	4	1	322
755	4	2	320
755	4	3	395
755	4	4	399
755	4	5	380
756	5	1	277
756	5	2	282
756	5	3	295
756	5	4	179
756	5	5	328
757	6	1	92
757	6	2	50
757	6	3	113
757	6	4	32
757	6	5	27
758	1	1	610
758	1	2	511
758	1	3	930
758	1	4	384
758	1	5	874
759	2	1	601
759	2	2	319
759	2	3	312
759	2	4	416
759	2	5	300
760	3	1	431
760	3	2	423
760	3	3	212
760	3	4	299
760	3	5	357
761	4	1	237
761	4	2	283
761	4	3	395
761	4	4	305
761	4	5	300
762	5	1	296
762	5	2	336
762	5	3	680
762	5	4	461
762	5	5	459
763	6	1	139
763	6	2	118
763	6	3	57
763	6	4	128
763	6	5	55
764	1	1	333
764	1	2	444
764	1	3	476
764	1	4	282
764	1	5	502
765	2	1	508
765	2	2	370
765	2	3	539
765	2	4	256
765	2	5	573
766	3	1	323
766	3	2	314
766	3	3	265
766	3	4	239
766	3	5	306
767	4	1	186
767	4	2	345
767	4	3	249
767	4	4	258
767	4	5	440
768	5	1	425
768	5	2	269
768	5	3	295
768	5	4	205
768	5	5	437
769	6	1	23
769	6	2	50
769	6	5	55
770	1	1	407
770	1	2	363
770	1	3	431
770	1	4	333
770	1	5	568
771	2	1	439
771	2	2	420
771	2	3	284
771	2	4	480
771	2	5	491
772	3	1	388
772	3	2	549
772	3	3	397
772	3	4	299
772	3	5	331
773	4	1	288
773	4	2	259
773	4	3	416
773	4	4	164
773	4	5	300
774	5	1	222
774	5	2	390
774	5	3	363
774	5	4	179
774	5	5	262
775	6	1	46
775	6	2	101
775	6	3	113
775	6	4	32
775	6	5	27
776	1	1	407
776	1	2	403
776	1	3	544
776	1	4	487
776	1	5	306
777	2	1	439
777	2	2	386
777	2	3	425
777	2	4	320
777	2	5	355
778	3	1	302
778	3	2	439
778	3	3	318
778	3	4	329
778	3	5	280
779	4	1	203
779	4	2	320
779	4	3	499
779	4	4	470
779	4	5	200
780	5	1	314
780	5	2	349
780	5	3	249
780	5	4	256
780	5	5	349
781	6	1	46
781	6	2	67
781	6	3	113
781	6	4	128
781	6	5	27
782	1	1	333
782	1	2	444
782	1	3	748
782	1	4	256
782	1	5	546
783	2	1	485
783	2	2	470
783	2	3	255
783	2	4	416
783	2	5	300
784	3	1	216
784	3	2	298
784	3	3	370
784	3	4	299
784	3	5	204
785	4	1	136
785	4	2	456
785	4	3	229
785	4	4	352
785	4	5	360
786	5	1	240
786	5	2	524
786	5	3	318
786	5	4	384
786	5	5	480
787	6	2	34
787	6	3	28
787	6	5	27
788	2	1	647
788	2	2	689
788	2	3	850
788	2	4	480
788	2	5	491
789	3	1	388
789	3	2	423
789	3	3	582
789	3	4	209
789	3	5	331
790	4	1	152
790	4	2	246
790	4	3	291
790	4	4	188
790	4	5	380
791	5	1	425
791	5	2	336
791	5	3	363
791	5	4	512
791	5	5	415
792	6	1	23
792	6	2	134
792	6	3	28
792	6	4	96
792	6	5	191
793	1	1	407
793	1	2	309
793	1	3	363
793	1	4	384
793	1	5	568
794	2	1	393
794	2	2	336
794	2	3	340
794	2	4	96
794	2	5	300
795	3	1	496
795	3	2	455
795	3	3	503
795	3	4	149
795	3	5	688
796	4	1	152
796	4	2	283
796	4	3	249
796	4	4	376
796	4	5	320
797	5	1	222
797	5	2	444
797	5	3	318
797	5	4	282
797	5	5	393
798	6	1	139
798	6	2	34
798	6	3	28
798	6	4	64
798	6	5	136
799	1	1	296
799	1	2	403
799	1	3	567
799	1	4	436
799	1	5	546
800	2	1	670
800	2	2	605
800	2	3	595
800	2	4	480
800	2	5	655
801	3	1	431
801	3	2	423
801	3	3	503
801	3	4	389
801	3	5	535
802	4	1	186
802	4	2	259
802	4	3	249
802	4	4	188
802	4	5	180
803	5	1	240
803	5	2	524
803	5	3	181
803	5	4	359
803	5	5	371
804	6	1	69
804	6	2	34
804	6	3	28
804	6	4	64
804	6	5	109
805	1	1	425
805	1	2	430
805	1	3	249
805	1	4	384
805	1	5	546
806	2	1	485
806	2	2	521
806	2	3	652
806	2	4	480
806	2	5	382
807	3	1	302
807	3	2	533
807	3	3	423
807	3	4	329
807	3	5	357
808	4	1	220
808	4	2	333
808	4	3	437
808	4	4	188
808	4	5	220
809	5	1	296
809	5	2	282
809	5	3	272
809	5	4	359
809	5	5	175
810	6	2	34
810	6	3	113
810	6	4	32
810	6	5	109
811	1	1	185
811	1	2	484
811	1	3	431
811	1	4	333
811	1	5	371
812	2	1	508
812	2	2	437
812	2	3	539
812	2	4	416
812	2	5	355
813	3	1	345
813	3	2	376
813	3	3	503
813	3	4	389
813	3	5	280
814	4	1	186
814	4	2	320
814	4	3	249
814	4	4	258
814	4	5	180
815	5	1	259
815	5	2	497
815	5	3	454
815	5	4	282
815	5	5	415
816	6	2	101
816	6	3	57
816	6	5	27
817	1	1	166
817	1	2	349
817	1	3	136
817	1	4	282
817	1	5	371
818	2	1	416
818	2	2	470
818	2	3	397
818	2	4	384
818	2	5	409
819	3	1	259
819	3	2	408
819	3	3	529
819	3	4	329
819	3	5	229
820	4	1	237
820	4	2	296
820	4	3	312
820	4	4	70
820	4	5	240
821	5	1	185
821	5	2	470
821	5	3	386
821	5	4	179
821	5	5	393
822	6	1	69
822	6	2	84
822	6	3	170
822	6	4	32
822	6	5	55
823	1	1	499
823	1	2	524
823	1	3	454
823	1	4	436
823	1	5	524
824	2	1	739
824	2	2	521
824	2	3	510
824	2	4	608
824	2	5	218
825	3	1	280
825	3	2	470
825	3	3	370
825	3	4	448
825	3	5	255
826	4	1	322
826	4	2	616
826	4	3	395
826	4	4	258
826	4	5	360
827	5	1	259
827	5	2	524
827	5	3	612
827	5	4	282
827	5	5	306
828	6	1	46
828	6	2	84
828	6	3	85
828	6	5	82
829	1	1	203
829	1	2	578
829	1	3	635
829	1	4	333
829	1	5	437
830	2	1	208
830	2	2	588
830	2	3	397
830	2	4	224
830	2	5	191
831	3	1	388
831	3	2	517
831	3	3	450
831	3	4	418
831	3	5	561
832	4	1	254
832	4	2	456
832	4	3	665
832	4	4	376
832	4	5	300
833	5	1	351
833	5	2	430
833	5	3	386
833	5	4	410
833	5	5	218
834	6	1	23
834	6	2	50
834	6	3	113
834	6	4	160
835	1	1	370
835	1	2	444
835	1	3	386
835	1	4	333
835	1	5	393
836	2	1	393
836	2	2	336
836	2	3	397
836	2	4	448
836	2	5	328
837	3	1	367
837	3	2	392
837	3	3	159
837	3	4	329
837	3	5	357
838	4	1	254
838	4	2	419
838	4	3	374
838	4	4	70
838	4	5	240
839	5	1	296
839	5	2	497
839	5	3	567
839	5	4	205
839	5	5	328
840	6	1	46
840	6	2	34
840	6	3	28
840	6	4	64
840	6	5	55
841	7	5	24
842	1	1	444
842	1	2	538
842	1	3	431
842	1	4	333
842	1	5	524
843	2	1	578
843	2	2	504
843	2	3	425
843	2	4	256
843	2	5	437
844	3	1	280
844	3	2	502
844	3	3	344
844	3	4	179
844	3	5	433
845	4	1	186
845	4	2	394
845	4	3	229
845	4	4	258
845	4	5	260
846	5	1	166
846	5	2	484
846	5	3	181
846	5	4	205
846	5	5	218
847	6	1	46
847	6	2	134
847	6	3	227
847	6	4	64
847	6	5	27
848	7	1	20
849	1	1	499
849	1	2	417
849	1	3	748
849	1	4	384
849	1	5	568
850	2	1	462
850	2	2	806
850	2	3	425
850	2	4	320
850	2	5	464
851	3	1	496
851	3	2	674
851	3	3	476
851	3	4	149
851	3	5	510
852	4	2	12
853	7	1	501
853	7	2	684
853	7	3	983
853	7	4	500
853	7	5	686
854	1	1	388
854	1	2	430
854	1	3	318
854	1	4	205
854	1	5	459
855	2	1	462
855	2	2	706
855	2	3	482
855	2	4	352
855	2	5	682
856	3	1	323
856	3	2	376
856	3	3	423
856	3	4	149
856	3	5	204
857	4	1	407
857	4	2	456
857	4	3	249
857	4	4	211
857	4	5	460
858	5	1	314
858	5	2	336
858	5	3	431
858	5	4	282
858	5	5	262
859	6	1	69
859	6	2	151
859	6	3	57
859	6	4	32
860	1	1	388
860	1	2	578
860	1	3	499
860	1	4	307
860	1	5	218
861	2	1	508
861	2	2	521
861	2	3	397
861	2	4	448
861	2	5	382
862	3	1	259
862	3	2	690
862	3	3	529
862	3	4	299
862	3	5	255
863	4	1	68
863	4	2	517
863	4	3	187
863	4	4	211
863	4	5	200
864	5	1	388
864	5	2	390
864	5	3	272
864	5	4	231
864	5	5	284
865	6	1	23
865	6	2	84
865	6	3	28
865	6	4	64
865	6	5	55
866	1	1	425
866	1	2	349
866	1	3	363
866	1	4	256
866	1	5	590
867	2	1	485
867	2	2	739
867	2	3	482
867	2	4	384
867	2	5	355
868	3	1	496
868	3	2	596
868	3	3	397
868	3	4	568
868	3	5	255
869	4	1	203
869	4	2	296
869	4	3	333
869	4	4	258
869	4	5	420
870	5	1	425
870	5	2	645
870	5	3	318
870	5	4	359
870	5	5	633
871	6	2	34
871	6	5	27
872	1	1	591
872	1	2	780
872	1	3	680
872	1	4	333
872	1	5	895
873	2	1	462
873	2	2	907
873	2	3	539
873	2	4	640
873	2	5	1256
874	3	1	517
874	3	2	674
874	3	3	609
874	3	4	329
874	3	5	917
875	5	2	13
876	7	2	15
877	3	2	63
877	3	5	25
878	4	1	711
878	4	2	1096
878	4	3	686
878	4	4	540
878	4	5	1321
879	5	1	499
879	5	2	860
879	5	3	658
879	5	4	615
879	5	5	786
880	6	1	462
880	6	2	689
880	6	3	567
880	6	4	416
880	6	5	355
881	1	1	462
881	1	2	847
881	1	3	386
881	1	4	256
881	1	5	633
882	2	1	901
882	2	2	1109
882	2	3	312
882	2	4	705
882	2	5	519
883	3	1	474
883	3	2	831
883	3	3	476
883	3	4	269
883	3	5	408
884	4	1	508
884	4	2	444
884	4	3	478
884	4	4	235
884	4	5	400
885	5	1	277
885	5	2	444
885	5	3	431
885	5	4	205
885	5	5	459
886	6	1	69
886	6	2	50
886	6	3	85
886	6	4	32
886	6	5	27
887	7	4	28
888	1	1	462
888	1	2	645
888	1	3	431
888	1	4	410
888	1	5	459
889	2	1	716
889	2	2	1109
889	2	3	765
889	2	4	448
889	2	5	601
890	3	1	517
890	3	2	690
890	3	3	450
890	3	4	359
890	3	5	535
891	4	1	525
891	4	2	456
891	4	3	333
891	4	4	211
891	4	5	400
892	5	1	407
892	5	2	766
892	5	3	272
892	5	4	282
892	5	5	262
893	6	1	69
893	6	2	84
893	6	3	28
894	1	1	573
894	1	2	847
894	1	3	318
894	1	4	307
894	1	5	524
895	2	1	462
895	2	2	756
895	2	3	482
895	2	4	128
895	2	5	191
896	3	1	474
896	3	2	533
896	3	3	370
896	3	4	90
896	3	5	433
897	4	1	102
897	4	2	505
897	4	3	229
897	4	4	164
897	4	5	180
898	5	1	296
898	5	2	739
898	5	3	249
898	5	4	231
898	5	5	371
899	6	2	151
899	6	3	57
899	6	4	32
899	6	5	82
900	1	1	277
900	1	2	860
900	1	3	499
900	1	4	564
900	1	5	415
901	2	1	624
901	2	2	672
901	2	3	482
901	2	4	352
901	2	5	464
902	3	1	410
902	3	2	627
902	3	3	370
902	3	4	149
902	3	5	204
903	4	1	356
903	4	2	456
903	4	3	437
903	4	4	141
903	4	5	200
904	5	1	259
904	5	2	659
904	5	3	340
904	5	4	256
904	5	5	480
905	6	1	46
905	6	2	101
905	6	3	57
905	6	4	96
905	6	5	109
906	7	5	24
907	1	1	425
907	1	2	806
907	1	3	794
907	1	4	359
907	1	5	633
908	2	1	508
908	2	2	958
908	2	3	397
908	2	4	320
908	2	5	355
909	3	1	388
909	3	2	612
909	3	3	265
909	3	4	448
909	3	5	306
910	4	1	322
910	4	2	604
910	4	3	270
910	4	4	211
910	4	5	260
911	5	1	222
911	5	2	672
911	5	3	249
911	5	4	231
911	5	5	502
912	6	1	69
912	6	2	134
912	6	3	85
912	6	4	128
912	6	5	82
913	1	1	351
913	1	2	739
913	1	3	340
913	1	4	436
913	1	5	371
914	2	1	531
914	2	2	1008
914	2	3	227
914	2	4	256
914	2	5	246
915	3	1	410
915	3	2	596
915	3	3	185
915	3	4	299
915	3	5	408
916	4	1	203
916	4	2	591
916	4	3	353
916	4	4	423
916	4	5	300
917	5	1	388
917	5	2	820
917	5	3	386
917	5	4	231
917	5	5	349
918	6	1	139
918	6	2	202
918	6	3	85
918	6	4	32
918	6	5	82
919	1	1	462
919	1	2	793
919	1	3	318
919	1	4	256
919	1	5	568
920	2	1	254
920	2	2	638
920	2	3	340
920	2	4	224
920	2	5	491
921	3	1	302
921	3	2	768
921	3	3	450
921	3	4	359
921	3	5	178
922	4	1	390
922	4	2	579
922	4	3	353
922	4	4	258
922	4	5	280
923	5	1	370
923	5	2	820
923	5	3	318
923	5	4	282
923	5	5	480
924	6	1	69
924	6	2	168
924	6	3	113
924	6	4	32
924	6	5	27
925	1	1	610
925	1	2	820
925	1	3	816
925	1	4	743
925	1	5	677
926	2	1	462
926	2	2	689
926	2	3	340
926	2	4	416
926	2	5	628
927	3	1	280
927	3	2	627
927	3	3	291
927	3	4	508
927	3	5	357
928	4	1	339
928	4	2	394
928	4	3	229
928	4	4	235
928	4	5	300
929	5	1	351
929	5	2	605
929	5	3	295
929	5	4	307
929	5	5	612
930	6	1	116
930	6	2	17
930	6	3	28
930	6	4	96
930	6	5	55
931	1	1	628
931	1	2	484
931	1	3	272
931	1	4	538
931	1	5	306
932	2	1	323
932	2	2	672
932	2	3	255
932	2	4	384
932	2	5	464
933	3	1	668
933	3	2	643
933	3	3	503
933	3	4	478
933	3	5	433
934	4	1	390
934	4	2	456
934	4	3	187
934	4	4	258
934	4	5	200
935	5	1	370
935	5	2	484
935	5	3	499
935	5	4	307
935	5	5	480
936	6	1	92
936	6	2	118
936	6	3	57
936	6	4	128
936	6	5	55
937	1	1	314
937	1	2	591
937	1	3	295
937	1	4	333
937	1	5	524
938	2	1	554
938	2	2	554
938	2	3	539
938	2	4	288
938	2	5	246
939	3	1	388
939	3	2	659
939	3	3	291
939	3	4	568
939	3	5	433
940	4	1	305
940	4	2	345
940	4	3	249
940	4	4	235
940	4	5	280
941	5	1	554
941	5	2	726
941	5	3	386
941	5	4	384
941	5	5	874
942	6	1	116
942	6	2	134
942	6	3	113
942	6	4	64
942	6	5	55
943	1	1	388
943	1	2	336
943	1	3	318
943	1	4	307
943	1	5	262
944	2	1	878
944	2	2	554
944	2	3	482
944	2	4	448
944	2	5	409
945	3	1	1056
945	3	2	784
945	3	3	662
945	3	4	389
945	3	5	586
946	4	1	457
946	4	2	320
946	4	3	353
946	4	4	235
946	4	5	200
947	5	1	647
947	5	2	363
947	5	3	363
947	5	4	436
947	5	5	349
948	6	1	254
948	6	2	151
948	6	3	57
948	6	4	256
948	6	5	82
949	7	2	15
950	1	1	924
950	1	2	363
950	1	3	272
950	1	4	384
950	1	5	612
951	2	1	601
951	2	2	403
951	2	3	170
951	2	4	256
951	2	5	409
952	3	1	561
952	3	2	502
952	3	3	318
952	3	4	389
952	3	5	561
953	4	1	203
953	4	2	209
953	4	3	83
953	4	4	117
953	4	5	160
954	5	1	19
954	5	2	28
954	5	3	23
955	6	4	33
956	1	1	1178
956	1	2	1797
956	1	3	1190
956	1	4	1133
956	1	5	1123
957	2	1	1616
957	2	2	1814
957	2	3	1662
957	2	4	1219
957	2	5	758
958	3	1	954
958	3	2	1403
958	3	3	1198
958	3	4	676
958	3	5	786
959	4	1	453
959	4	2	1026
959	4	3	642
959	4	4	556
959	4	5	515
960	5	1	893
960	5	2	1465
960	5	3	1283
960	5	4	501
960	5	5	696
961	6	1	261
961	6	2	276
961	6	3	292
961	6	4	66
961	6	5	168
962	1	1	722
962	1	2	1438
962	1	3	1283
962	1	4	975
962	1	5	809
963	2	1	832
963	2	2	1071
963	2	3	612
963	2	4	659
963	2	5	674
964	3	1	665
964	3	2	935
964	3	3	844
964	3	4	584
964	3	5	603
965	4	1	418
965	4	2	532
965	4	3	406
965	4	4	193
965	4	5	350
966	5	1	570
966	5	2	871
966	5	3	910
966	5	4	290
966	5	5	337
967	6	1	95
967	6	2	259
967	6	3	87
967	6	4	132
967	6	5	84
968	1	1	684
968	1	2	1230
968	1	3	793
968	1	4	501
968	1	5	651
969	2	1	642
969	2	2	1659
969	2	3	1050
969	2	4	659
969	2	5	562
970	3	1	488
970	3	2	1242
970	3	3	980
970	3	4	400
970	3	5	577
971	4	1	523
971	4	2	925
971	4	3	556
971	4	4	435
971	4	5	412
972	5	1	456
972	5	2	843
972	5	3	583
972	5	4	290
972	5	5	472
973	6	1	119
973	6	2	225
973	6	3	29
973	6	5	56
974	1	1	665
974	1	2	1120
974	1	3	677
974	1	4	501
974	1	5	674
975	2	1	689
975	2	2	1227
975	2	3	700
975	2	4	659
975	2	5	590
976	3	1	865
976	3	2	1000
976	3	3	544
976	3	4	461
976	3	5	629
977	4	1	488
977	4	2	672
977	4	3	278
977	4	4	483
977	4	5	453
978	5	1	760
978	5	2	912
978	5	3	793
978	5	4	606
978	5	5	809
979	6	1	214
979	6	2	190
979	6	3	117
979	6	4	66
979	6	5	168
980	1	1	1121
980	1	2	1424
980	1	3	1353
980	1	4	685
980	1	5	1011
981	2	1	1212
981	2	2	1348
981	2	3	1225
981	2	4	1021
981	2	5	786
982	3	1	931
982	3	2	1355
982	3	3	1170
982	3	4	553
982	3	5	681
983	4	1	645
983	4	2	1128
983	4	3	984
983	4	4	580
983	4	5	906
984	5	1	855
984	5	2	1161
984	5	3	933
984	5	4	1028
984	5	5	786
985	6	1	356
985	6	2	432
985	6	3	175
985	6	4	264
985	6	5	337
986	4	4	24
987	7	1	680
987	7	2	1093
987	7	3	480
987	7	4	657
987	7	5	754
988	1	1	874
988	1	2	719
988	1	3	700
988	1	4	553
988	1	5	764
989	2	1	1331
989	2	2	1227
989	2	3	1196
989	2	4	856
989	2	5	927
990	3	1	931
990	3	2	871
990	3	3	572
990	3	4	523
990	3	5	472
991	4	1	627
991	4	2	659
991	4	3	535
991	4	4	821
991	4	5	412
992	5	1	551
992	5	2	664
992	5	3	397
992	5	4	764
992	5	5	359
993	6	1	261
993	6	2	173
993	6	3	87
993	6	4	231
993	6	5	28
994	1	1	836
994	1	2	650
994	1	3	560
994	1	4	474
994	1	5	517
995	2	1	927
995	2	2	864
995	2	3	467
995	2	4	692
995	2	5	365
996	3	1	466
996	3	2	468
996	3	3	218
996	3	4	676
996	3	5	393
997	4	1	436
997	4	2	393
997	4	3	171
997	4	4	314
997	4	5	227
998	5	1	684
998	5	2	387
998	5	3	373
998	5	4	237
998	5	5	202
999	6	1	119
999	6	2	138
999	6	3	58
999	6	4	165
999	6	5	84
1000	1	1	703
1000	1	2	594
1000	1	3	327
1000	1	4	474
1000	1	5	427
1001	2	1	475
1001	2	2	691
1001	2	3	612
1001	2	4	428
1001	2	5	421
1002	3	1	510
1002	3	2	468
1002	3	3	708
1002	3	4	400
1002	3	5	288
1003	4	1	331
1003	4	2	482
1003	4	3	385
1003	4	4	193
1003	4	5	227
1004	5	1	494
1004	5	2	608
1004	5	3	443
1004	5	4	422
1004	5	5	292
1005	6	1	95
1005	6	2	207
1005	6	3	58
1005	6	4	66
1006	1	1	551
1006	1	2	636
1006	1	3	303
1006	1	4	264
1006	1	5	449
1007	2	1	737
1007	2	2	363
1007	2	3	525
1007	2	4	494
1007	2	5	225
1008	3	1	510
1008	3	2	629
1008	3	3	381
1008	3	4	400
1008	3	5	472
1009	4	1	627
1009	4	2	469
1009	4	3	364
1009	4	4	266
1009	4	5	144
1010	5	1	399
1010	5	2	567
1010	5	3	303
1010	5	4	211
1010	5	5	292
1011	6	1	214
1011	6	2	69
1011	6	3	233
1011	6	4	66
1011	6	5	28
1012	1	1	798
1012	1	2	594
1012	1	3	280
1012	1	4	316
1012	1	5	449
1013	2	1	689
1013	2	2	674
1013	2	3	117
1013	2	4	593
1013	2	5	253
1014	3	1	665
1014	3	2	419
1014	3	3	191
1014	3	4	338
1014	3	5	341
1015	4	1	366
1015	4	2	355
1015	4	3	235
1015	4	4	386
1015	4	5	227
1016	5	1	494
1016	5	2	456
1016	5	3	327
1016	5	4	343
1016	5	5	157
1017	6	1	143
1017	6	2	86
1017	6	3	58
1017	6	4	99
1017	6	5	56
1018	1	1	798
1018	1	2	511
1018	1	3	607
1018	1	4	290
1018	1	5	270
1019	2	1	760
1019	2	2	397
1019	2	3	321
1019	2	4	231
1019	2	5	225
1020	3	1	621
1020	3	2	661
1020	3	3	218
1020	3	4	338
1020	3	5	210
1021	4	1	436
1021	4	2	406
1021	4	3	214
1021	4	4	242
1021	4	5	288
1022	5	1	570
1022	5	2	594
1022	5	3	350
1022	5	4	395
1022	5	5	359
1023	6	1	71
1023	6	2	69
1023	6	3	117
1023	6	4	165
1023	6	5	84
1024	1	1	931
1024	1	2	982
1024	1	3	700
1024	1	4	422
1024	1	5	404
1025	2	1	903
1025	2	2	968
1025	2	3	379
1025	2	4	593
1025	2	5	365
1026	3	1	577
1026	3	2	645
1026	3	3	218
1026	3	4	523
1026	3	5	314
1027	4	1	331
1027	4	2	482
1027	4	3	513
1027	4	4	386
1027	4	5	432
1028	5	1	627
1028	5	2	954
1028	5	3	420
1028	5	4	316
1028	5	5	202
1029	6	1	24
1029	6	2	52
1029	6	3	58
1029	6	4	33
1029	6	5	28
1030	2	1	808
1030	2	2	1382
1030	2	3	467
1030	2	4	560
1030	2	5	786
1031	3	1	732
1031	3	2	726
1031	3	3	490
1031	3	4	277
1031	3	5	288
1032	4	1	436
1032	4	2	393
1032	4	3	235
1032	4	4	242
